530056 0.008620689655172414
547046 0.029661016949152543
528843 0.012626262626262626
547146 0.028901734104046242
477291 0.036065573770491806
493161 0.030456852791878174
520416 0.020491803278688523
549138 0.012285012285012284
525678 0.007731958762886598
493173 0.01
477213 0.025423728813559324
455545 0.045454545454545456
426807 0.028169014084507043
544549 0.027777777777777776
557910 0.005763688760806916
520021 0.06896551724137931
518853 0.017241379310344827
554900 0.02702702702702703
477214 0.07741935483870968
410181 0.031746031746031744
454069 0.125
517712 0.014285714285714285
441545 0.3333333333333333
522174 0.03773584905660377
416916 0.02702702702702703
554629 0.03571428571428571
535875 0.05714285714285714
455500 0.05263157894736842
418080 0.2
421316 0.031446540880503145
420199 0.06060606060606061
547092 0.1
493172 0.02247191011235955
455255 0.015444015444015444
417849 0.011111111111111112
405306 0.010752688172043012
528851 0.01818181818181818
545631 0.02631578947368421
493158 0.022222222222222223
548234 0.0026455026455026454
547096 0.02564102564102564
493136 0.25
557907 0.004032258064516129
410180 0.125
544548 0.030303030303030304
494133 0.007407407407407408
415231 0.0057306590257879654
549639 0.0
465828 0.0
425981 0.0
544204 0.0
557909 0.0
491089 0.0
446351 0.0
454057 0.0
549949 0.0
491341 0.0
491284 0.0
541290 0.0
493162 0.0
408245 0.0
402029 0.0
402766 0.0
426012 0.0
455505 0.0
491573 0.0
491283 0.0
529091 0.0
530756 0.0
477210 0.0
455514 0.0
549631 0.0
518899 0.0
491871 0.0
417967 0.0
421364 0.0
413406 0.0
512060 0.0
537830 0.0
531444 0.0
494134 0.0
465829 0.0
520698 0.0
541286 0.0
551238 0.0
439186 0.0
545375 0.0
520694 0.0
455504 0.0
528804 0.0
481515 0.0
452001 0.0
404360 0.0
455507 0.0
405930 0.0
512048 0.0
522130 0.0
552263 0.0
473701 0.0
529001 0.0
526489 0.0
439187 0.0
540845 0.0
528074 0.0
518004 0.0
523706 0.0
493135 0.0
539978 0.0
481514 0.0
474175 0.0
418094 0.0
402318 0.0
462974 0.0
490176 0.0
481284 0.0
416502 0.0
512745 0.0
557551 0.0
547015 0.0
408244 0.0
481516 0.0
477211 0.0
512809 0.0
552488 0.0
557905 0.0
545307 0.0
491280 0.0
455599 0.0
444449 0.0
491282 0.0
455540 0.0
522498 0.0
464596 0.0
554492 0.0
554764 0.0
523595 0.0
525424 0.0
417968 0.0
428575 0.0
439120 0.0
420713 0.0
517721 0.0
491586 0.0
539672 0.0
540533 0.0
483030 0.0
455511 0.0
491366 0.0
540477 0.0
427213 0.0
491375 0.0
442596 0.0
477292 0.0
516576 0.0
491046 0.0
441549 0.0
491342 0.0
451308 0.0
547484 0.0
493160 0.0
519946 0.0
548236 0.0
441311 0.0
540956 0.0
455513 0.0
527374 0.0
419691 0.0
456100 0.0
405071 0.0
546657 0.0
400443 0.0
526498 0.0
520213 0.0
558426 0.0
439185 0.0
453410 0.0
409851 0.0
442192 0.0
476203 0.0
523963 0.0
521329 0.0
410177 0.0
547078 0.0
484224 0.0
436401 0.0
494398 0.0
481582 0.0
497401 0.0
418794 0.0
491566 0.0
428434 0.0
491512 0.0
523013 0.0
455529 0.0
406130 0.0
520116 0.0
433454 0.0
545290 0.0
512795 0.0
491343 0.0
463186 0.0
416081 0.0
446138 0.0
549033 0.0
526949 0.0
494388 0.0
434256 0.0
549139 0.0
431479 0.0
421571 0.0
547075 0.0
541590 0.0
494331 0.0
525746 0.0
400819 0.0
448790 0.0
455508 0.0
552033 0.03431372549019608
550201 0.06666666666666667
522980 0.031914893617021274
516310 0.0022026431718061676
552350 0.010582010582010581
521729 0.0004306632213608958
414726 0.0684931506849315
516361 0.0006854009595613434
401795 0.0007861635220125787
494052 0.018726591760299626
455701 0.006944444444444444
429318 0.05
532655 0.00234192037470726
455704 0.125
494053 0.010416666666666666
535316 0.01639344262295082
456450 0.05
456471 0.01107011070110701
406669 1.0
531355 0.0125
544434 0.028169014084507043
471514 0.4
535318 0.00516795865633075
456469 0.006211180124223602
456409 0.045454545454545456
407220 0.008
456468 0.015384615384615385
528013 0.003125
519244 0.07692307692307693
456472 0.0071174377224199285
472437 0.0375
537196 0.011904761904761904
442645 0.1111111111111111
423953 0.0012437810945273632
460184 0.007407407407407408
555005 0.25
516366 0.0136986301369863
512127 0.42857142857142855
516323 0.02
499977 0.006289308176100629
456480 0.02564102564102564
450949 0.0031645569620253164
544637 0.03225806451612903
483741 0.01730103806228374
403254 1.0
423954 0.007751937984496124
558320 1.0
463797 0.03125
552638 0.3333333333333333
516321 0.037037037037037035
546827 0.0049504950495049506
514934 1.0
407264 0.14285714285714285
434968 0.0
457233 0.0
413312 0.0
518868 0.0
498873 0.0
456475 0.0
454605 0.0
462239 0.0
456479 0.0
472690 0.0
461755 0.0
483561 0.0
443461 0.0
558601 0.0
443438 0.0
455702 0.0
464579 0.0
516319 0.0
521893 0.0
456474 0.0
543250 0.0
436479 0.0
450606 0.0
428418 0.0
456432 0.0
498872 0.0
540221 0.0
469396 0.0
426534 0.0
405547 0.0
494310 0.0
524651 0.0
456457 0.0
428455 0.0
454860 0.0
456462 0.0
443446 0.0
516320 0.0
546828 0.0
532737 0.0
437730 0.0
516390 0.0
443445 0.0
544647 0.0
543793 0.0
466245 0.0
462482 0.0
437732 0.0
426557 0.0
458594 0.0
436774 0.0
498811 0.0
543568 0.0
499916 0.0
460198 0.0
558388 0.0
430330 0.0
456430 0.0
522660 0.0
519163 0.0
455046 0.0
426558 0.0
492102 0.0
531356 0.0
431240 0.0
540207 0.0
465943 0.0
533389 0.0
549464 0.0
443420 0.0
443431 0.0
489981 0.0
462263 0.0
437523 0.0
453030 0.0
456004 0.0
436773 0.0
498416 0.0
493414 0.0
464941 0.0
456485 0.0
543678 0.0
552060 0.0
436358 0.0
439239 0.0
527628 0.0
413309 0.0
486270 0.0
476224 0.0
523748 0.0
540223 0.0
456448 0.0
450647 0.0
439137 0.0
443460 0.0
414146 0.0
531359 0.0
409670 0.0
543335 0.0
525303 0.0
510753 0.0
516337 0.0
454867 0.0
559567 0.0
453224 0.0
518756 0.0
405221 0.0
455703 0.0
558604 0.0
456492 0.0
465950 0.0
498005 0.0
456443 0.0
405497 0.0
540482 0.0
465922 0.0
462485 0.0
516391 0.0
542766 0.0
492181 0.0
431239 0.0
512576 0.0
541621 0.0
528596 0.0
435212 0.0
443469 0.0
469380 0.0
514813 0.0
531358 0.0
409771 0.0
499913 0.0
456491 0.0
547433 0.0
468229 0.0
408177 0.0
470565 0.0
538646 0.0
516324 0.0
472694 0.0
456442 0.0
499914 0.0
557998 0.0
499960 0.0
535317 0.0
436384 0.0
456441 0.0
519307 0.0
516328 0.0
443450 0.0
443499 0.0
436544 0.0
456487 0.0
554584 0.0
464556 0.0
514045 0.0
539757 0.0
531683 0.0
443474 0.0
458595 0.0
517983 0.0
443476 0.0
462845 0.0
490292 0.0
445013 0.0
538634 0.0
455047 0.0
413335 0.0
413321 0.0
419973 0.0
439242 0.0
536618 0.0
489592 0.0
443436 0.0
516369 0.0
443405 0.0
529871 0.0
453436 0.0
518840 0.0
524309 0.0
408967 0.0
436357 0.0
443495 0.0
428429 0.0
470568 0.0
552411 0.0
443451 0.0
546256 0.0
461973 0.0
443463 0.0
424934 0.0
436745 0.0
552176 0.0
515682 0.0
483822 0.0
437731 0.0
543604 0.0
443418 0.0
558251 0.0
443402 0.0
443416 0.0
548809 0.0
423914 0.0
443458 0.0
443453 0.0
461957 0.0
529512 0.0
413333 0.0
441770 0.0
443421 0.0
516329 0.0
524066 0.0
404137 0.0
544291 0.0
436392 0.0
450788 0.0
413542 0.0
443412 0.0
436383 0.0
526219 0.0
494097 0.0
436531 0.0
443434 0.0
443417 0.0
443473 0.0
443479 0.0
462949 0.0
443455 0.0
436356 0.0
436420 0.0
535927 0.0
426684 0.0
492505 0.0
467309 0.0
402892 0.0
437397 0.0
454871 0.0
457356 0.0
542764 0.0
439240 0.0
450612 0.0
524931 0.0
453450 0.0
471527 0.0
532953 0.0
456464 0.0
404342 0.0
516350 0.0
470564 0.0
455707 0.0
451461 0.0
457232 0.0
547343 0.0
516349 0.0
476643 0.0
516360 0.0
552933 0.0
472436 0.0
488923 0.0
429321 0.0
443475 0.0
472695 0.0
456494 0.0
462843 0.0
467007 0.0
477361 0.0
457584 0.0
545512 0.0
540621 0.0
518542 0.0
517969 0.0
451179 0.0
413332 0.0
493468 0.0
443411 0.0
423367 0.0
546616 0.0
543049 0.0
490115 0.0
538639 0.0
404152 0.0
443084 0.0
523945 0.0
439226 0.0
475130 0.0005619029780857839
420184 0.0
471540 0.0
545478 0.0
443415 0.0
520152 0.0
443482 0.0
412978 0.0
402981 0.0
461963 0.0
469135 0.0
429317 0.0
472678 0.0
457730 0.0
414709 0.0
453441 0.0
490733 0.0
516325 0.0
483788 0.0
404307 0.0
524732 0.0
530101 0.0
466248 0.0
542458 0.0
413323 0.0
499915 0.0
538424 0.0
456481 0.0
544447 0.0
433687 0.0
470456 0.0
531693 0.0
443478 0.0
404887 0.0
545431 0.0
472696 0.0
409349 0.0
443406 0.0
458123 0.0
443441 0.0
440488 0.0
558321 0.0
518710 0.0
513165 0.0
557045 0.0
517805 0.0
526418 0.0
456436 0.0
446238 0.0
541591 0.0
439225 0.0
471572 0.0
461202 0.0
545240 0.0
423960 0.0
524419 0.0
462437 0.0
524152 0.0
458124 0.0
543458 0.0
536219 0.0
424985 0.0
438088 0.0
456463 0.0
550200 0.0
524084 0.0
452479 0.0
429769 0.0
436523 0.0
540728 0.0
518182 0.0
436380 0.0
426556 0.0
431931 0.0
463796 0.0
486796 0.0
443425 0.0
553386 0.0
452480 0.0
496604 0.0
550018 0.0
554827 0.0
475131 0.0
443414 0.0
552049 0.0
498511 0.0
455357 0.0
552025 0.0
434146 0.0
493755 0.0
531496 0.0
439188 0.0
405385 0.0
472660 0.0
443427 0.0
550213 0.0
447599 0.0
555003 0.0
443401 0.0
469397 0.0
529523 0.0
552416 0.0
415735 0.0
458858 0.0
454873 0.0
543060 0.0
483898 0.0
538450 0.0
470570 0.0
456188 0.0
548807 0.0
510207 0.0
535939 0.0
414763 0.0
433668 0.0
467745 0.0
492010 0.125
520974 0.0
483740 0.0
455728 0.0
558850 0.0
433786 0.0
455718 0.0
443449 0.0
409774 0.0
446292 0.0
516330 0.0
413324 0.0
443430 0.0
540463 0.0
518675 0.0
472409 0.0
402856 0.0
454638 0.0
483591 0.0
433770 0.0
455296 0.0
481581 0.0
443481 0.0
456598 0.0
403392 0.0
437748 0.0
400361 0.0
511957 0.0
516315 0.0
518652 0.0
404739 0.0
436500 0.0
414746 0.0
518396 0.0
443448 0.0
445014 0.0
483820 0.0
530804 0.0
441103 0.0
464948 0.0
531357 0.0
465858 0.0
453966 0.0
528856 0.0
518791 0.0
533869 0.0
421595 0.0
492311 0.0
461976 0.0
436748 0.0
410651 0.0
402979 0.0
543122 0.0
422149 0.0
540438 0.0
541283 0.0
528931 0.0
462481 0.0
456486 0.0
527309 0.0
468754 0.0
400344 0.0
546257 0.0
483805 0.0
461977 0.0
492556 0.0
527934 0.0
413305 0.0
498451 0.0
428332 0.0
492182 0.0
469672 0.0
443477 0.0
535921 0.0
445012 0.0
522964 0.0
552042 0.0
559300 0.0
456482 0.0
465901 0.0
538429 0.0
519525 0.0
528912 0.0
443489 0.0
496692 0.0
512695 0.0
426067 0.0
548596 0.0
524206 0.0
413330 0.0
498415 0.0
512316 0.0
532450 0.0
455633 0.0
526851 0.0
455000 0.0
454313 0.0
535928 0.0
523649 0.0
496623 0.0
498000 0.0
405912 0.0
455293 0.0
491889 0.0
474478 0.0
516340 0.0
510529 0.0
403361 0.0
461726 0.0
413337 0.0
438675 0.0
445088 0.0
405659 0.0
459914 0.0
453868 0.0
524070 0.0
423909 0.0
514950 0.0
445010 0.0
467932 0.0
544758 0.0
453979 0.0
428161 0.0
524355 0.0
552333 0.0
400975 0.0
456318 0.0
409668 0.0
498824 0.0
443410 0.0
538640 0.0
552415 0.0
494025 0.0
475516 0.0
412975 0.0
409787 0.0
479943 0.0
538681 0.0
523256 0.0
403409 0.0
469527 0.0
462267 0.0
467893 0.0
524224 0.0
492142 0.0
457241 0.0
443442 0.0
511958 0.0
428454 0.0
461756 0.0
462842 0.0
538769 0.0
552016 0.0
526806 0.0
403649 0.0
426530 0.0
469529 0.0
558987 0.0
510008 0.0
529953 0.0
438857 0.0
489982 0.0
436551 0.0
428380 0.0
422109 0.0
443452 0.0
446291 0.0001063264221158958
433616 0.0
552268 0.0
443488 0.0
443485 0.0
546638 0.0
529204 0.0
421869 0.0
462888 0.0
421494 0.0
413388 0.0
491647 0.0
476358 0.029411764705882353
542011 0.0015748031496062992
476230 0.0012406947890818859
476225 0.0070921985815602835
484431 0.0008771929824561404
528725 0.3333333333333333
552115 0.25
492910 0.0007575757575757576
412983 0.007662835249042145
494312 0.125
492943 0.0012406947890818859
528683 0.015625
476367 0.0019582245430809398
557351 0.001282051282051282
456735 0.001303780964797914
474701 0.2
543460 0.00641025641025641
465944 0.0
465902 0.0
492942 0.0
529930 0.0
476223 0.0
465942 0.0
465859 0.0
540758 0.0
476366 0.0
446272 0.0
530126 0.0
529021 0.0
465935 0.0
465910 0.0
475714 0.00016168148746968473
475141 0.0
402396 0.0
528689 0.0
454742 0.0
475732 0.0
552157 0.0
557349 0.0
475129 0.0
522948 0.0
475139 0.0
454312 0.0
465904 0.0
454369 0.0
475117 0.0
446271 0.0
543429 0.0
492949 0.0
475128 0.0
475748 0.0
489396 0.0
446261 0.0
475127 0.0
532916 0.0
453978 0.0
545460 0.0
556950 0.0
524197 0.0
476248 0.0
446274 0.0
530127 0.0
476372 0.0
494120 0.0
542598 0.0
451290 0.0
434258 0.0
492947 0.0
512732 0.0
546811 0.0
412511 0.0
512687 0.0
465945 0.0
489394 0.0
557379 0.0
465843 0.0
449352 0.0
543556 0.0
465911 0.0
543699 0.0
552213 0.0
446211 0.0
475110 0.0
475132 0.0
546097 0.0
552085 0.0
412985 0.0
465861 0.0
552188 0.0
465838 0.0
476368 0.0
557098 0.0
465921 0.0
542195 0.0
475145 0.0
465923 0.0
545100 0.0
492945 0.0
446281 0.0
540453 0.0
548020 0.0
454434 0.0
475116 0.0
465947 0.0
475144 0.0
475126 0.0
492940 0.0
465946 0.0
529505 0.0
456744 0.0
404972 0.0
465860 0.0
465941 0.0
522634 0.0
492913 0.0
545142 0.0
475124 0.0
531200 0.0
511656 0.0
492912 0.0
475111 0.0
556951 0.0
547410 0.0
446242 0.0
412984 0.0
543484 0.0
543482 0.0
446204 0.0
475142 0.0
456705 0.0
542554 0.0
456893 0.0
477596 0.0
493848 0.0
456072 0.0
450875 0.0
456726 0.0
540152 0.0
492914 0.0
476222 0.0
465855 0.0
540243 0.0
475123 0.0
475114 0.0
475753 0.0
540222 0.0
557361 0.0
527669 0.0
492944 0.0
400880 0.0
476364 0.0
476349 0.0
529932 0.0
446277 0.0
531045 0.0
450198 0.0
486483 0.0
524679 0.0
525302 0.0
454420 0.0
484432 0.0
540018 0.0
476220 0.0
475140 0.0
545578 0.0
554544 0.0
540209 0.0
431310 0.0
491007 0.0
530128 0.0
547367 0.0
450197 0.0
465949 0.0
485738 0.0
475755 0.0
541603 0.0
412976 0.0
454495 0.0
450906 0.0
557357 0.0
491758 0.0
476365 0.0
447888 0.0
528682 0.0
426393 0.0
475751 0.0
542502 0.0
546780 0.0
475149 0.0
420572 0.0
546096 0.0
477597 0.0
455598 0.0
404783 0.0
453600 0.0
430858 0.0
475747 0.0
476383 0.0
476233 0.0
467006 0.0
489329 0.0
559620 0.0
552068 0.0
557509 0.0
543470 0.0
456738 0.0
518433 0.0
449353 0.0
479746 0.0
539941 0.0
450199 0.0
511691 0.0
545140 0.0
475730 0.0
431067 0.0
455206 0.0
476352 0.0
543468 0.0
446223 0.0
510199 0.0
422243 0.0
540440 0.0
486446 0.0
414003 0.0
548099 0.0
542523 0.0
529912 0.0
540450 0.0
547853 0.0
492941 0.0
492948 0.0
532821 0.0
455572 0.0
472628 0.0
552073 0.0
518581 0.0
518126 0.0
410970 0.0
531972 0.0
532180 0.0
427700 0.0
450823 0.0
475119 0.0
456073 0.0
476221 0.0
544111 0.0
485474 0.0
409677 0.0
524497 0.0
525641 0.0
530122 0.0
419966 0.0
529329 0.0
456849 0.0
528038 0.0
530831 0.0
404971 0.0
475113 0.0
402193 0.0
456727 0.0
431313 0.0
465572 0.0
465590 0.0
446282 0.0
454361 0.0
414049 0.0
420957 0.0
475733 0.0
546016 0.0
414960 0.0
487448 0.0
539983 0.0
465867 0.0
431980 0.0
497040 0.0
475750 0.0
462726 0.0
455025 0.0
554575 0.0
489054 0.0
536562 0.0
518645 0.0
530418 0.0
453976 0.0
405621 0.0
518694 0.0
496655 0.0
417727 0.0
430092 0.0
453929 0.0
442162 0.0
543477 0.0
552107 0.0
476249 0.0
454305 0.0
490972 0.0
465857 0.0
533865 0.0
543478 0.0
446208 0.0
510152 0.0
476363 0.0
530123 0.0
483519 0.0
527770 0.0
414767 0.0
417467 0.0
516464 0.0
553421 0.0
496009 0.0
476347 0.0
470532 0.0
550450 0.0
475148 0.0
546696 0.0
486360 0.0
405433 0.0
466057 0.0
463670 0.0
524104 0.0
491605 0.0
529511 0.0
543617 0.0
530124 0.0
550142 0.0
525682 0.0
540153 0.0
475146 0.0
492057 0.0
490977 0.0
452044 0.0
512591 0.0
546019 0.0
519379 0.0
421874 0.0
419648 0.0
430567 0.0
426428 0.0
497587 0.0
402397 0.0
465948 0.0
552313 0.0
465844 0.0
543474 0.0
454443 0.0
518627 0.0
425569 0.0
492083 0.0
471387 0.0
521373 0.0
431570 0.0
492092 0.0
492557 0.0
548346 0.16666666666666666
416991 0.0
450924 0.0
547979 0.0
425757 0.0
459511 0.0
541361 0.0
528684 0.0
475118 0.0
499846 0.0
530937 0.0
426503 0.0
425603 0.0
476226 0.0
519345 0.0
559240 0.0
426398 0.0
427229 0.0
465845 0.0
510145 0.0
412113 0.0
445974 0.0
431938 0.0
451188 0.0
528943 0.0
540635 0.0
557367 0.0
557360 0.0
450995 0.0
520641 0.0
547676 0.0
516569 0.0
497490 0.0
400303 0.0
429017 0.0
558717 0.0
454634 0.0
532610 0.0
441850 0.0
469870 0.0
490967 0.0
552277 0.0
440532 0.0
554506 0.0
530121 0.0
517722 0.0
490974 0.0
422278 0.0
526471 0.0
455739 0.0
487002 0.0
414950 0.0
440637 0.0
510782 0.0
533421 0.0
547854 0.0
474739 0.0
543199 0.0
538720 0.0
552029 0.0
471565 0.0
546258 0.0
426399 0.0
549486 0.0
481699 0.0
539132 0.0
541496 0.0
486430 0.0
546259 0.0
466286 0.0
415193 0.0
520382 0.0
538920 0.0
521183 0.0
516924 0.0
470942 0.0
451307 0.0
491834 0.0
531236 0.0
519316 0.0
404117 0.0
419398 0.0
427222 0.0
456000 0.0
479026 0.0
417648 0.0
404970 0.0
476670 0.0
542851 0.0
440626 0.0
490117 0.0
517147 0.0
457727 0.0
518955 0.0
455353 0.0
530371 0.0
524255 0.0
530770 0.0
471386 0.0
524869 0.0
490638 0.0
440621 0.0
529964 0.0
418238 0.0
433326 0.0
458860 0.0
479098 0.0
453937 0.0
550614 0.0
417075 0.0
411419 0.0
475150 0.0
497598 0.0
552828 0.0
542217 0.0
431947 0.0
517349 0.0
446206 0.0
458003 0.0
427601 0.0
459470 0.0
496649 0.0
448165 0.0
499968 0.0
526403 0.0
548901 0.0
554637 0.0
454875 0.0
557348 0.0
445951 0.0
455647 0.0
552038 0.0
549774 0.0
520953 0.0
455014 0.0
536354 0.0
472074 0.0
472684 0.0
454365 0.0
419984 0.0
459990 0.0
485473 0.0
512462 0.0
557524 0.0
546284 0.0
553910 0.0
526272 0.0
442394 0.0
557506 0.0
521012 0.0
452586 0.0
516901 0.0
540439 0.0
489428 0.0
479741 0.0
432178 0.0
489377 0.0
540205 0.0
513778 0.0
543269 0.0
473702 0.0
470538 0.0
514958 0.0
520045 0.0
497202 0.0
544403 0.0
466039 0.0
411773 0.0
471505 0.0
556671 0.0
471507 0.0
443913 0.0
533619 0.0
402323 0.0
528939 0.0
433391 0.0
408531 0.0
431940 0.0
497874 0.0
406365 0.0
422184 0.0
427230 0.0
512571 0.0
437851 0.0
487075 0.0
540539 0.0
533200 0.0
479032 0.0
496026 0.0
478727 0.0
531837 0.0
453975 0.0
553485 0.0
460342 0.0
490118 0.0
427342 0.0
490969 0.0
402360 0.0
531930 0.0
540187 0.0
484680 0.0
428310 0.0
427300 0.0
540806 0.0
467744 0.0
498858 0.0
516744 0.0
422151 0.0
442179 0.0
462288 0.0
476231 0.0
543480 0.0
527325 0.0
457853 0.0
530120 0.0
552102 0.0
465906 0.0
446263 0.0
445063 0.0
522078 0.2
475115 0.0
428078 0.0
529565 0.0
540445 0.0
402167 0.0
461772 0.0
552163 0.0
516585 0.0
540432 0.0
497582 0.0
455015 0.0
525730 0.0
540964 0.0
471365 0.0
410110 0.0
472669 0.0
470598 0.0
430451 0.0
456525 0.0
412752 0.0
453304 0.0
431939 0.0
469752 0.0
559306 0.0
526812 0.0
516075 0.0
451850 0.0
526408 0.0
553398 0.0
402857 0.0
548696 0.0
547353 0.0
450824 0.0
421310 0.0
451174 0.0
499806 0.0
530446 0.0
543603 0.0
527018 0.0
519123 0.0
446267 0.0
547356 0.0
455229 0.0
414258 0.0
401343 0.0
552895 0.0
532732 0.0
540659 0.0
530785 0.0
468858 0.0
490978 0.0
512717 0.0
475112 0.0
424631 0.0
531000 0.0
454438 0.0
414720 0.0
476265 0.0
452088 0.0
541010 0.0
446039 0.0
516889 0.0
527067 0.0
471532 0.0
540447 0.0
456731 0.0
491646 0.0
415006 0.0
533846 0.0
520378 0.0
543267 0.0
443911 0.0
428231 0.0
419403 0.0
467895 0.0
521153 0.0
490836 0.0
482443 0.0
542879 0.0
431255 0.0
475158 0.0
440577 0.0
526430 0.0
451171 0.0
461158 0.0
454336 0.0
421634 0.0
524865 0.0
477930 0.0
467062 0.0
530436 0.0
438679 0.0
458109 0.0
544243 0.0
455740 0.0
454496 0.0
540692 0.0
557819 0.0
471415 0.0
408597 0.0
450003 0.0
423304 0.0
452034 0.0
455783 0.0
527584 0.0
421808 0.0
475749 0.0
530774 0.0
457276 0.0
552078 0.0
407569 0.0
546497 0.0
498884 0.0
424732 0.0
529420 0.0
495067 0.0
433367 0.0
422307 0.0
530826 0.0
541648 0.0
426822 0.0
512083 0.0
542057 0.0
525668 0.0
452419 0.0
401850 0.0
525788 0.0
497804 0.0
552475 0.0
540912 0.0
472076 0.0
490964 0.0
457353 0.0
426083 0.0
512006 0.0
545709 0.0
464532 0.0
456524 0.0
406254 0.0
512754 0.0
402431 0.0
432423 0.0
557417 0.0
440260 0.0
517350 0.0
546139 0.0
458286 0.0
524205 0.0
514932 0.0
492151 0.0
402386 0.0
524005 0.0
540492 0.0
437393 0.0
557354 0.0
519457 0.0
432328 0.0
465887 0.0
455390 0.0
540185 0.0
418965 0.0
404185 0.0
456891 0.0
490220 0.0
520636 0.0
452085 0.0
456140 0.0
538680 0.0
530772 0.0
431923 0.0
471385 0.0
554761 0.0
454683 0.0
530977 0.0
419661 0.0
414004 0.0
470959 0.0
540012 0.0
448570 0.0
525669 0.0
474836 0.0
534126 0.0
455279 0.0
454891 0.0
511655 0.0
453980 0.0
414627 0.0
539923 0.0
554576 0.0
541318 0.0
431784 0.0
524329 0.0
498833 0.0
540716 0.0
400913 0.0
552288 0.0
411629 0.0
462018 0.0
475155 0.0
457329 0.0
516746 0.0
513263 0.0
400612 0.0
526225 0.0
531653 0.0
454179 0.0
406676 0.0
453996 0.0
512049 0.0
523970 0.0
424456 0.0
497410 0.0
533842 0.0
548297 0.0
463230 0.0
476817 0.0
456313 0.0
483316 0.0
406366 0.0
428334 0.0
462252 0.0
445522 0.0
477124 0.0
422695 0.0
531306 0.0
523968 0.0
557556 0.0
540007 0.0
531070 0.0
462722 0.0
494351 0.0
422598 0.0
536468 0.0
545229 0.0
492111 0.0
556311 0.0
464530 0.0
552089 0.0
421542 0.0
518964 0.0
432438 0.0
548700 0.0
552050 0.0
532458 0.0
543268 0.0
449914 0.0
519432 0.0
549532 0.0
540236 0.0
411905 0.0
412487 0.0
433640 0.0
513900 0.0
451986 0.0
518831 0.0
489091 0.0
431932 0.0
526909 0.0
402620 0.0
473014 0.0
471778 0.0
538677 0.0
432071 0.0
453193 0.0
559438 0.0
421473 0.0
517650 0.0
455262 0.001639344262295082
538674 0.0
522869 0.0
446540 0.0
524417 0.0
483868 0.0
403541 0.0
456353 0.0
490762 0.0
467305 0.0
548953 0.0
436554 0.0
543472 0.0
526480 0.0
524722 0.0
510982 0.0
434960 0.0
455018 0.0
549852 0.0
536648 0.0
514876 0.0
557837 0.0
410162 0.0
520169 0.0
552056 0.0
407462 0.0
477916 0.0
543277 0.0
522971 0.0
457973 0.0
428969 0.0
419647 0.0
474503 0.0
412777 0.0
499902 0.0
544454 0.0
434102 0.0
400837 0.0
414051 0.0
529051 0.0
458001 0.0
511682 0.0
517531 0.0
477917 0.0
541592 0.0
417997 0.0
425303 0.0
402939 0.0
475739 0.0
545408 0.0
431935 0.0
520640 0.0
539123 0.0
452339 0.0
549284 0.0
443922 0.0
466273 0.0
420573 0.0
421871 0.0
539945 0.0
432503 0.0
540978 0.0
498020 0.0
456773 0.0
524144 0.0
493444 0.0
426353 0.0
524502 0.0
518988 0.0
545139 0.0
414387 0.0
543193 0.0
476374 0.0
405678 0.0
418157 0.0
413278 0.0
546498 0.0
526790 0.0
520593 0.0
473703 0.0
540385 0.0
414711 0.0
524366 0.0
558158 0.0
426451 0.0
432254 0.0
476356 0.0
545089 0.0
514759 0.0
510737 0.0
413700 0.0
402367 0.0
427901 0.0
453733 0.0
522018 0.0
497607 0.0
445958 0.0
557661 0.0
485620 0.0
541961 0.0
511187 0.0
540926 0.0
496023 0.0
400363 0.0
545178 0.0
409344 0.0
445093 0.0
454190 0.0
474551 0.0
446217 0.0
468516 0.0
440632 0.0
554203 0.0
442644 0.0
544684 0.0
437374 0.0
552037 0.0
552290 0.0
552004 0.0
489788 0.0
456776 0.0
422114 0.0
554399 0.0
498800 0.0
523920 0.0
411713 0.0
430445 0.0
485479 0.0
462490 0.0
413088 0.0
474843 0.0
533136 0.0
542280 0.0
532612 0.0
411911 0.0
497355 0.0
549699 0.0
532660 0.0
492082 0.0
548019 0.0
538432 0.0
542380 0.0
400682 0.0
513625 0.0
523982 0.0
543723 0.0
549001 0.0
454335 0.0
415929 0.0
559276 0.0
407413 0.0
524886 0.0
540069 0.0
554505 0.0
461786 0.0
424984 0.0
510197 0.0
415482 0.0
476665 0.0
516874 0.0
426082 0.0
416638 0.0
446268 0.0
511844 0.0
542933 0.0
462730 0.0
400601 0.0
421660 0.0
441281 0.0
552191 0.0
428671 0.0
448381 0.0
403375 0.0
523954 0.0
494000 0.0
523625 0.0
432481 0.0
440309 0.0
543046 0.0
419349 0.0
541219 0.0
541249 0.0
524851 0.0
542526 0.0
446542 0.0
517554 0.0
527529 0.0
527549 0.0
431178 0.0
536093 0.0
511516 0.0
475717 0.0
404306 0.0
548674 0.0
497563 0.0
525688 0.0
412800 0.0
524091 0.0
540804 0.0
527354 0.0
432206 0.0
457840 0.0
409628 0.0
519955 0.0
417866 0.0
419460 0.0
431210 0.0
455049 0.0
547354 0.0
491847 0.0
446387 0.0
475746 0.0
470941 0.0
540049 0.0
526836 0.0
434910 0.0
470347 0.0
438933 0.0
557505 0.0
535152 0.0
427020 0.0
477912 0.0
405803 0.0
418825 0.0
446209 0.0
515711 0.0
408565 0.0
450885 0.0
477179 0.0
541303 0.0
403391 0.0
446280 0.0
431941 0.0
410736 0.0
460332 0.0
434769 0.0
551619 0.0
543333 0.0
530160 0.0
432072 0.0
421623 0.0
428430 0.0
406785 0.0
533948 0.0
425169 0.0
535120 0.0
548347 0.0
423899 0.0
526717 0.0
544612 0.0
465204 0.0
544488 0.0
531106 0.0
516793 0.0
479045 0.0
497203 0.0
454294 0.0
545152 0.0
499847 0.0
552083 0.0
451842 0.0
547058 0.0
513648 0.0
476384 0.0
492561 0.0
424331 0.0
430380 0.0
457015 0.0
413520 0.0
543661 0.0
544895 0.0
445598 0.0
523502 0.0
435643 0.0
470455 0.0
454818 0.0
448008 0.0
483540 0.0
445135 0.0
403367 0.0
408106 0.0
524243 0.0
546528 0.0
549834 0.0
490715 0.0
454325 0.0
552075 0.0
521804 0.0
400277 0.0
434940 0.0
516483 0.0
492565 0.0
526875 0.0
524184 0.0
445471 0.0
458561 0.0
497388 0.0
514868 0.0
402385 0.0
553633 0.0
469724 0.0
406905 0.0
412772 0.0
427030 0.0
414968 0.0
403784 0.0
403745 0.0
431316 0.0
524609 0.0
456779 0.0
457204 0.0
440786 0.0
423195 0.0
424160 0.0
533205 0.0
557883 0.0
451844 0.0
489117 0.0
492536 0.0
456997 0.0
426569 0.0
467008 0.0
523166 0.0
479012 0.0
465770 0.0
458011 0.0
516737 0.0
513268 0.0
465938 0.0
522100 0.0
536414 0.0
472795 0.0
479468 0.0
521585 0.0
491858 0.0
457269 0.0
405255 0.0
438624 0.0
542220 0.0
492013 0.0
557413 0.0
521899 0.0
552183 0.0
450644 0.0
471474 0.0
412940 0.0
421870 0.0
465222 0.0
436555 0.0
428421 0.0
497641 0.0
552057 0.0
423896 0.0
522661 0.0
528069 0.0
431195 0.0
478269 0.0
557380 0.0
545393 0.0
523150 0.0
545987 0.0
448314 0.0
415932 0.0
409398 0.0
453988 0.0
552367 0.0
472643 0.0
414261 0.0
519911 0.0
499897 0.0
497207 0.0
550101 0.0
514757 0.0
433830 0.0
484281 0.0
431944 0.0
489330 0.0
451851 0.0
519396 0.0
526491 0.0
520365 0.0
410684 0.0
544792 0.0
520090 0.0
430918 0.0
537207 0.0
426819 0.0
497505 0.0
517733 0.0
520988 0.0
546285 0.0
458016 0.0
430496 0.0
523254 0.0
453091 0.0
412516 0.0
416644 0.0
521367 0.0
497547 0.0
440066 0.0
413155 0.0
425125 0.0
424982 0.0
421875 0.0
528058 0.0
459985 0.0
422113 0.0
450925 0.0
429945 0.0
451289 0.0
405016 0.0
454159 0.0
510070 0.0
424320 0.0
526896 0.0
431946 0.0
534316 0.0
424455 0.0
476253 0.0
498834 0.0
548642 0.0
422240 0.0
531483 0.0
424327 0.0
486895 0.0
402558 0.0
498495 0.0
554501 0.001312828207051763
495018 0.0
403398 0.0
512968 0.0
456766 0.0
408308 0.0
519908 0.0
404867 0.0
523400 0.0
433987 0.0
534243 0.0
544078 0.0
541736 0.0
521175 0.0
415830 0.0
412570 0.0
544887 0.0
473828 0.0
456027 0.0
513283 0.0
470703 0.0
478769 0.0
550222 0.0
554959 0.0
472647 0.0
425986 0.0
469298 0.0
520990 0.0
516815 0.0
555014 0.0
540324 0.0
557358 0.0
476529 0.0
440453 0.0
540962 0.0
424509 0.0
553823 0.0
445094 0.0
406252 0.0
512464 0.0
457231 0.0
531838 0.0
484657 0.0
455035 0.0
448448 0.0
402278 0.0
523909 0.0
450766 0.0
543409 0.0
547111 0.0
436367 0.0
415481 0.0
450405 0.0
409338 0.0
432720 0.0
408089 0.0
445547 0.0
497946 0.0
452335 0.0
512797 0.0
431400 0.0
540454 0.0
490696 0.0
468584 0.0
404184 0.0
409794 0.0
533248 0.0
452002 0.0
401849 0.0
422076 0.0
427970 0.0
523515 0.0
531307 0.0
458870 0.0
542509 0.0
413858 0.0
497115 0.0
548179 0.0
430318 0.0
475736 0.0
554960 0.0
490249 0.0
417685 0.0
518774 0.0
556963 0.0
541233 0.0
433388 0.0
498406 0.0
546329 0.0
425821 0.0
490137 0.0
513414 0.0
490172 0.0
487098 0.0
440804 0.0
469208 0.0
453903 0.002135991456034176
462844 0.0
544537 0.0
527607 0.0
440255 0.0
498776 0.0
409666 0.0
524040 0.0
513640 0.0
517800 0.0
512824 0.0
533896 0.0
529911 0.0
402508 0.0
523227 0.0
522767 0.010638297872340425
521315 0.0
528209 0.0
468236 0.0
556110 0.0
455272 0.0
484066 0.0
400190 0.0
486290 0.0
479110 0.0
457896 0.0
538675 0.0
428375 0.0
453997 0.0
418875 0.0
541615 0.0
528648 0.0
459500 0.0
517739 0.0
441128 0.0
417275 0.0
457268 0.0
405476 0.0
421320 0.0
410626 0.0
513130 0.0
532657 0.0
540123 0.0
529549 0.0
454689 0.0
455788 0.0
402310 0.0
516100 0.0
422033 0.0
400046 0.0
458212 0.0
544960 0.0
536122 0.0
418836 0.0
416990 0.0
414366 0.0
428922 0.0
524347 0.0
536222 0.0
402668 0.0
489085 0.0
542550 0.0
523224 0.0
480990 0.0
461797 0.0
446288 0.0
548438 0.0
474488 0.0
543785 0.0
453950 0.0
547260 0.0
467094 0.0
458012 0.0
454033 0.0
453985 0.0
526816 0.0
428373 0.0
419376 0.0
402855 0.0
479722 0.0
414257 0.0
485717 0.0
448445 0.0
484713 0.0
522985 0.0
544011 0.0
402342 0.0
532092 0.0
538404 0.0
474702 0.0
444562 0.0
491206 0.0
512622 0.0
526334 0.0
452013 0.0
518986 0.0
493846 0.0
539674 0.0
524106 0.0
537120 0.0
452046 0.0
513162 0.0
420773 0.0
417359 0.0
450582 0.0
459440 0.0
453987 0.0
476073 0.0
464426 0.0
422056 0.0
426816 0.0
437551 0.0
456743 0.0
557686 0.0
515589 0.0
487410 0.0
413263 0.0
492141 0.0
497413 0.0
419649 0.0
546938 0.0
428924 0.0
520339 0.0
493847 0.0
419964 0.0
421652 0.0
476238 0.0
479053 0.0
440251 0.0
549703 0.0
476664 0.0
428094 0.0
516976 0.0
510022 0.0
422254 0.0
448559 0.0
433847 0.0
545042 0.0
522832 0.0
445133 0.0
414645 0.0
414009 0.0
411153 0.0
400022 0.0
545703 0.0
453910 0.0
472885 0.0
415914 0.0
440564 0.0
540902 0.0
400288 0.0
469771 0.0
552145 0.0
490907 0.0
464021 0.0
418819 0.0
471355 0.0
458550 0.0
455037 0.0
422274 0.0
527257 0.0
512057 0.0
520680 0.0
557447 0.0
424450 0.0
552955 0.0
405911 0.0
544990 0.0
540648 0.0
487090 0.0
486896 0.0
427277 0.0
468588 0.0
462856 0.0
497944 0.0
517537 0.0
494608 0.0
429941 0.0
544675 0.0
491753 0.0
435545 0.0
541988 0.0
411776 0.0
510266 0.0
556905 0.0
422865 0.0
522056 0.0
403003 0.0
462824 0.0
405598 0.0
414750 0.0
517745 0.0
458587 0.0
414905 0.0
558484 0.0
546022 0.0
453971 0.0
525412 0.0
540668 0.0
434499 0.0
438949 0.0
403617 0.0
529956 0.0
456358 0.0
473134 0.0
513659 0.0
474151 0.0
400974 0.0
440638 0.0
463225 0.0
526139 0.0
524259 0.0
490744 0.0
451457 0.0
421357 0.0
400942 0.0
512688 0.5
466544 0.0
454858 0.0
404904 0.0
538405 0.0
512768 0.0
520991 0.007352941176470588
554477 0.02631578947368421
411824 0.009708737864077669
543065 0.5
518706 1.0
492025 1.0
529925 0.0
515675 0.0
459028 0.0
458190 0.0
544481 0.0
529928 0.0
541256 0.0
521358 0.0
453904 0.0
529926 0.0
458125 0.0
534244 0.0
434983 0.0
527500 0.0
539881 0.0
427723 0.0
490929 0.0
529936 0.0
516020 0.0
543560 0.0
424339 0.0
407513 0.0
552048 0.0
544313 0.0
413483 0.0
554758 0.0
412497 0.0
543066 0.0
543288 0.0
541253 0.0
518620 0.0
544902 0.0
401690 0.0
547133 0.0
523936 0.0
459029 0.0
430706 0.0
542542 0.0
552750 0.0
458199 0.0
464438 0.0
528248 0.0
541255 0.0
426354 0.0
412496 0.0
424397 0.0
557892 0.0
541277 0.0
516382 0.0
498764 0.0
402150 0.0
547049 0.0
548946 0.0
552764 0.0
553422 0.0
512610 0.0
422165 0.0
402005 0.0
534532 0.0
547129 0.0
549879 0.0
534534 0.0
420571 0.0
534207 0.0
462473 0.0
512606 0.0
520952 0.0
462763 0.0
543321 0.0
403252 0.0
533980 0.0
552724 0.0
453901 0.0
492560 0.0
427607 0.0
540287 0.0
482467 0.0
484093 0.0
401728 0.0
457002 0.0
453912 0.0
446214 0.0
469279 0.0
435273 0.0
545190 0.0
514887 0.0
512612 0.0
473133 0.0
549704 0.0
453905 0.0
447387 0.0
512613 0.0
550028 0.0
422288 0.0
404807 0.0
454890 0.0
454617 0.0
545173 0.0
536496 0.0
431870 0.0
554610 0.0
526948 0.0
474472 0.0
423608 0.0
530992 0.0
527502 0.0
456759 0.0
527591 0.0
418540 0.0
527501 0.0
525762 0.0
521823 0.0
514525 0.0
552513 0.0
456605 0.0
548902 0.0
438131 0.0
498022 0.0
555958 0.0
541306 0.0
405245 0.0
456499 0.0
450743 0.0
499969 0.0
450742 0.0
552289 0.0
516001 0.0
479061 0.0
533167 0.0
510557 0.0
424471 0.0
522841 0.0
458263 0.0
457038 0.0
543073 0.0
443959 0.0
427638 0.0
431945 0.0
512611 0.0
557384 0.0
492564 0.0
527593 0.0
534528 0.0
529434 0.0
490651 0.0
516026 0.0
549167 0.0
557385 0.0
483520 0.0
491782 0.0
546898 0.0
485807 0.0
